3 4
13 9 7 8
4 10 1 6
3 10 2 10

3 3
1 0 0
0 1 0
0 0 1

课本p78 10.（2）
------------------------
3 5
3 2 -1 -3 -1
2 -1 3 1 -3
7 0 5 -1 -8
化行阶梯型：
r3-r1*2
r1-r3*3
r2-r3*2
r1-r2*2
r1 r3
------------------------
课本p77 1.（4）
4 5
2 3 1 -3 -7
1 2 0 -2 -4
3 -2 8 3 0
2 -3 7 4 3
行最简形
r1 r2
r2-r1*2
r3-r1*3
r4-r1*2
r2*-1
r1-r2*2
r3+r2*8
r4+r2*7
r2+r3
r4-r3

-----------------------
3 5
4 1 -2 1 -3
2 2 1 2 2
3 1 -1 3 -1

4 4
3 4 -5 7
2 -3 3 -2
4 11 -13 16
7 -2 1 3

4 5
1 -2 2 -1 1
2 -4 8 0 2
-2 4 -2 3 3
3 -6 0 -6 4

3 5
2 2 -1 1 4
2 -1 2 0 3
-1 2 2 -4 2

4 8
3 -2 0 -1 1 0 0 0
0 2 2 1 0 1 0 0
1 -2 -3 -2 0 0 1 0
0 1 2 1 0 0 0 1

3 12
1 2 3 4 5 6 1 2 3 4 5 6 
7 8 9 10 11 12 7 8 9 10 11 12 
13 14 15 16 17 18 13 14 15 16 17 18

3 5
1 -5 2 -1 11
5 3 6 -1 -1
2 4 2 1 -6

3 4
1 1 -1 -1
2 -5 3 2
7 -7 3 1





